(kicad_pcb (version 20160815) (host pcbnew 4.1.0-alpha+201609021633+7109~49~ubuntu16.04.1-product)

  (general
    (links 38)
    (no_connects 0)
    (area 72.912819 107.785959 111.237181 147.432181)
    (thickness 1.6)
    (drawings 1)
    (tracks 120)
    (zones 0)
    (modules 20)
    (nets 10)
  )

  (page A4)
  (layers
    (0 F.Cu signal)
    (31 B.Cu signal)
    (32 B.Adhes user)
    (33 F.Adhes user)
    (34 B.Paste user)
    (35 F.Paste user)
    (36 B.SilkS user)
    (37 F.SilkS user)
    (38 B.Mask user)
    (39 F.Mask user)
    (40 Dwgs.User user)
    (41 Cmts.User user)
    (42 Eco1.User user)
    (43 Eco2.User user)
    (44 Edge.Cuts user)
    (45 Margin user)
    (46 B.CrtYd user)
    (47 F.CrtYd user)
    (48 B.Fab user)
    (49 F.Fab user)
  )

  (setup
    (last_trace_width 0.254)
    (user_trace_width 0.254)
    (user_trace_width 0.508)
    (user_trace_width 0.762)
    (user_trace_width 1.016)
    (trace_clearance 0.1905)
    (zone_clearance 0.508)
    (zone_45_only no)
    (trace_min 0)
    (segment_width 0.2032)
    (edge_width 0.1524)
    (via_size 0.762)
    (via_drill 0.508)
    (via_min_size 0.4)
    (via_min_drill 0.3)
    (uvia_size 0.3)
    (uvia_drill 0.1)
    (uvias_allowed no)
    (uvia_min_size 0)
    (uvia_min_drill 0)
    (pcb_text_width 0.3048)
    (pcb_text_size 1.524 1.524)
    (mod_edge_width 0.1524)
    (mod_text_size 1.016 1.016)
    (mod_text_width 0.1524)
    (pad_size 1.524 1.524)
    (pad_drill 1.016)
    (pad_to_mask_clearance 0.2)
    (aux_axis_origin 0 0)
    (visible_elements FFFFEF7F)
    (pcbplotparams
      (layerselection 0x010f0_ffffffff)
      (usegerberextensions true)
      (usegerberattributes true)
      (excludeedgelayer true)
      (linewidth 0.101600)
      (plotframeref false)
      (viasonmask false)
      (mode 1)
      (useauxorigin false)
      (hpglpennumber 1)
      (hpglpenspeed 20)
      (hpglpendiameter 15)
      (psnegative false)
      (psa4output false)
      (plotreference true)
      (plotvalue true)
      (plotinvisibletext false)
      (padsonsilk false)
      (subtractmaskfromsilk true)
      (outputformat 1)
      (mirror false)
      (drillshape 0)
      (scaleselection 1)
      (outputdirectory gerber/encC))
  )

  (net 0 "")
  (net 1 /eECA)
  (net 2 /eGND)
  (net 3 /eECB)
  (net 4 /eECS)
  (net 5 /eS2)
  (net 6 /eS3)
  (net 7 /eS4)
  (net 8 /eS5)
  (net 9 /eVCC)

  (net_class Default "This is the default net class."
    (clearance 0.1905)
    (trace_width 0.254)
    (via_dia 0.762)
    (via_drill 0.508)
    (uvia_dia 0.3)
    (uvia_drill 0.1)
  )

  (net_class 20mil ""
    (clearance 0.1905)
    (trace_width 0.508)
    (via_dia 0.762)
    (via_drill 0.508)
    (uvia_dia 0.3)
    (uvia_drill 0.1)
    (add_net /eECA)
    (add_net /eECB)
    (add_net /eECS)
    (add_net /eS2)
    (add_net /eS3)
    (add_net /eS4)
    (add_net /eS5)
  )

  (net_class 30mil ""
    (clearance 0.1905)
    (trace_width 0.762)
    (via_dia 0.762)
    (via_drill 0.508)
    (uvia_dia 0.3)
    (uvia_drill 0.1)
    (add_net /eGND)
    (add_net /eVCC)
  )

  (net_class 40mil ""
    (clearance 0.1905)
    (trace_width 1.016)
    (via_dia 0.762)
    (via_drill 0.508)
    (uvia_dia 0.3)
    (uvia_drill 0.1)
  )

  (module velokey-footprints:C_1210_HandSoldering (layer B.Cu) (tedit 57CEF7D0) (tstamp 57CEF987)
    (at 106.045 123.825 315)
    (descr "Capacitor SMD 1210, hand soldering")
    (tags "capacitor 1210")
    (path /57CDE2ED/57CEA927)
    (attr smd)
    (fp_text reference eC4 (at -4.490128 0.71842 315) (layer B.SilkS)
      (effects (font (size 1 1) (thickness 0.15)) (justify mirror))
    )
    (fp_text value 1uF (at 0 0 45) (layer B.SilkS)
      (effects (font (size 1 1) (thickness 0.15)) (justify mirror))
    )
    (fp_line (start -3.3 1.6) (end 3.3 1.6) (layer B.CrtYd) (width 0.05))
    (fp_line (start -3.3 -1.6) (end 3.3 -1.6) (layer B.CrtYd) (width 0.05))
    (fp_line (start -3.3 1.6) (end -3.3 -1.6) (layer B.CrtYd) (width 0.05))
    (fp_line (start 3.3 1.6) (end 3.3 -1.6) (layer B.CrtYd) (width 0.05))
    (fp_line (start 1 1.475) (end -1 1.475) (layer B.SilkS) (width 0.15))
    (fp_line (start -1 -1.475) (end 1 -1.475) (layer B.SilkS) (width 0.15))
    (pad 1 smd rect (at -2 0 315) (size 2 2.5) (layers B.Cu B.Paste B.Mask)
      (net 5 /eS2))
    (pad 2 smd rect (at 2 0 315) (size 2 2.5) (layers B.Cu B.Paste B.Mask)
      (net 2 /eGND))
    (model ${KIPRJMOD}/3d_models/Cap_smd_1210.wrl
      (at (xyz 0 0 0))
      (scale (xyz 1 1 1))
      (rotate (xyz 0 0 0))
    )
  )

  (module velokey-footprints:C_1210_HandSoldering (layer B.Cu) (tedit 57CEF7DE) (tstamp 57CEF97C)
    (at 100.965 128.905 315)
    (descr "Capacitor SMD 1210, hand soldering")
    (tags "capacitor 1210")
    (path /57CDE2ED/57CEA921)
    (attr smd)
    (fp_text reference eC1 (at -4.490128 0 315) (layer B.SilkS)
      (effects (font (size 1 1) (thickness 0.15)) (justify mirror))
    )
    (fp_text value 1uF (at 0 0 45) (layer B.SilkS)
      (effects (font (size 1 1) (thickness 0.15)) (justify mirror))
    )
    (fp_line (start -3.3 1.6) (end 3.3 1.6) (layer B.CrtYd) (width 0.05))
    (fp_line (start -3.3 -1.6) (end 3.3 -1.6) (layer B.CrtYd) (width 0.05))
    (fp_line (start -3.3 1.6) (end -3.3 -1.6) (layer B.CrtYd) (width 0.05))
    (fp_line (start 3.3 1.6) (end 3.3 -1.6) (layer B.CrtYd) (width 0.05))
    (fp_line (start 1 1.475) (end -1 1.475) (layer B.SilkS) (width 0.15))
    (fp_line (start -1 -1.475) (end 1 -1.475) (layer B.SilkS) (width 0.15))
    (pad 1 smd rect (at -2 0 315) (size 2 2.5) (layers B.Cu B.Paste B.Mask)
      (net 1 /eECA))
    (pad 2 smd rect (at 2 0 315) (size 2 2.5) (layers B.Cu B.Paste B.Mask)
      (net 2 /eGND))
    (model ${KIPRJMOD}/3d_models/Cap_smd_1210.wrl
      (at (xyz 0 0 0))
      (scale (xyz 1 1 1))
      (rotate (xyz 0 0 0))
    )
  )

  (module velokey-footprints:R_1210_HandSoldering (layer B.Cu) (tedit 57CEF7DA) (tstamp 57CEF971)
    (at 103.505 126.365 135)
    (descr "Resistor SMD 1210, hand soldering")
    (tags "resistor 1210")
    (path /57CDE2ED/57CEA924)
    (attr smd)
    (fp_text reference eR5 (at 4.490128 0 135) (layer B.SilkS)
      (effects (font (size 1 1) (thickness 0.15)) (justify mirror))
    )
    (fp_text value 10k (at 0 0 225) (layer B.SilkS)
      (effects (font (size 1 1) (thickness 0.15)) (justify mirror))
    )
    (fp_line (start -3.3 1.6) (end 3.3 1.6) (layer B.CrtYd) (width 0.05))
    (fp_line (start -3.3 -1.6) (end 3.3 -1.6) (layer B.CrtYd) (width 0.05))
    (fp_line (start -3.3 1.6) (end -3.3 -1.6) (layer B.CrtYd) (width 0.05))
    (fp_line (start 3.3 1.6) (end 3.3 -1.6) (layer B.CrtYd) (width 0.05))
    (fp_line (start 1 -1.475) (end -1 -1.475) (layer B.SilkS) (width 0.15))
    (fp_line (start -1 1.475) (end 1 1.475) (layer B.SilkS) (width 0.15))
    (pad 1 smd rect (at -2 0 135) (size 2 2.5) (layers B.Cu B.Paste B.Mask)
      (net 9 /eVCC))
    (pad 2 smd rect (at 2 0 135) (size 2 2.5) (layers B.Cu B.Paste B.Mask)
      (net 5 /eS2))
    (model ${KIPRJMOD}/3d_models/Res_smd_1210.wrl
      (at (xyz 0 0 0))
      (scale (xyz 1 1 1))
      (rotate (xyz 0 0 0))
    )
  )

  (module velokey-footprints:R_1210_HandSoldering (layer B.Cu) (tedit 57CEF7E2) (tstamp 57CEF966)
    (at 98.425 131.445 135)
    (descr "Resistor SMD 1210, hand soldering")
    (tags "resistor 1210")
    (path /57CDE2ED/57CEA91E)
    (attr smd)
    (fp_text reference eR2 (at 4.490128 0 135) (layer B.SilkS)
      (effects (font (size 1 1) (thickness 0.15)) (justify mirror))
    )
    (fp_text value 10k (at 0 0 225) (layer B.SilkS)
      (effects (font (size 1 1) (thickness 0.15)) (justify mirror))
    )
    (fp_line (start -3.3 1.6) (end 3.3 1.6) (layer B.CrtYd) (width 0.05))
    (fp_line (start -3.3 -1.6) (end 3.3 -1.6) (layer B.CrtYd) (width 0.05))
    (fp_line (start -3.3 1.6) (end -3.3 -1.6) (layer B.CrtYd) (width 0.05))
    (fp_line (start 3.3 1.6) (end 3.3 -1.6) (layer B.CrtYd) (width 0.05))
    (fp_line (start 1 -1.475) (end -1 -1.475) (layer B.SilkS) (width 0.15))
    (fp_line (start -1 1.475) (end 1 1.475) (layer B.SilkS) (width 0.15))
    (pad 1 smd rect (at -2 0 135) (size 2 2.5) (layers B.Cu B.Paste B.Mask)
      (net 9 /eVCC))
    (pad 2 smd rect (at 2 0 135) (size 2 2.5) (layers B.Cu B.Paste B.Mask)
      (net 1 /eECA))
    (model ${KIPRJMOD}/3d_models/Res_smd_1210.wrl
      (at (xyz 0 0 0))
      (scale (xyz 1 1 1))
      (rotate (xyz 0 0 0))
    )
  )

  (module velokey-footprints:C_1210_HandSoldering (layer B.Cu) (tedit 57CEF7E6) (tstamp 57CEF95B)
    (at 95.885 133.985 315)
    (descr "Capacitor SMD 1210, hand soldering")
    (tags "capacitor 1210")
    (path /57CDE2ED/56F87DFD)
    (attr smd)
    (fp_text reference eC3 (at -4.490128 0.71842 315) (layer B.SilkS)
      (effects (font (size 1 1) (thickness 0.15)) (justify mirror))
    )
    (fp_text value 1uF (at 0 0 45) (layer B.SilkS)
      (effects (font (size 1 1) (thickness 0.15)) (justify mirror))
    )
    (fp_line (start -3.3 1.6) (end 3.3 1.6) (layer B.CrtYd) (width 0.05))
    (fp_line (start -3.3 -1.6) (end 3.3 -1.6) (layer B.CrtYd) (width 0.05))
    (fp_line (start -3.3 1.6) (end -3.3 -1.6) (layer B.CrtYd) (width 0.05))
    (fp_line (start 3.3 1.6) (end 3.3 -1.6) (layer B.CrtYd) (width 0.05))
    (fp_line (start 1 1.475) (end -1 1.475) (layer B.SilkS) (width 0.15))
    (fp_line (start -1 -1.475) (end 1 -1.475) (layer B.SilkS) (width 0.15))
    (pad 1 smd rect (at -2 0 315) (size 2 2.5) (layers B.Cu B.Paste B.Mask)
      (net 4 /eECS))
    (pad 2 smd rect (at 2 0 315) (size 2 2.5) (layers B.Cu B.Paste B.Mask)
      (net 2 /eGND))
    (model ${KIPRJMOD}/3d_models/Cap_smd_1210.wrl
      (at (xyz 0 0 0))
      (scale (xyz 1 1 1))
      (rotate (xyz 0 0 0))
    )
  )

  (module velokey-footprints:R_1210_HandSoldering (layer B.Cu) (tedit 57CEF7EB) (tstamp 57CEF950)
    (at 93.345 136.525 135)
    (descr "Resistor SMD 1210, hand soldering")
    (tags "resistor 1210")
    (path /57CDE2ED/57CEA920)
    (attr smd)
    (fp_text reference eR4 (at 4.400325 -0.089803 135) (layer B.SilkS)
      (effects (font (size 1 1) (thickness 0.15)) (justify mirror))
    )
    (fp_text value 10k (at 0 0 225) (layer B.SilkS)
      (effects (font (size 1 1) (thickness 0.15)) (justify mirror))
    )
    (fp_line (start -3.3 1.6) (end 3.3 1.6) (layer B.CrtYd) (width 0.05))
    (fp_line (start -3.3 -1.6) (end 3.3 -1.6) (layer B.CrtYd) (width 0.05))
    (fp_line (start -3.3 1.6) (end -3.3 -1.6) (layer B.CrtYd) (width 0.05))
    (fp_line (start 3.3 1.6) (end 3.3 -1.6) (layer B.CrtYd) (width 0.05))
    (fp_line (start 1 -1.475) (end -1 -1.475) (layer B.SilkS) (width 0.15))
    (fp_line (start -1 1.475) (end 1 1.475) (layer B.SilkS) (width 0.15))
    (pad 1 smd rect (at -2 0 135) (size 2 2.5) (layers B.Cu B.Paste B.Mask)
      (net 9 /eVCC))
    (pad 2 smd rect (at 2 0 135) (size 2 2.5) (layers B.Cu B.Paste B.Mask)
      (net 4 /eECS))
    (model ${KIPRJMOD}/3d_models/Res_smd_1210.wrl
      (at (xyz 0 0 0))
      (scale (xyz 1 1 1))
      (rotate (xyz 0 0 0))
    )
  )

  (module velokey-footprints:C_1210_HandSoldering (layer B.Cu) (tedit 57CEF7F0) (tstamp 57CEF945)
    (at 90.805 139.065 135)
    (descr "Capacitor SMD 1210, hand soldering")
    (tags "capacitor 1210")
    (path /57CDE2ED/57CEA92B)
    (attr smd)
    (fp_text reference eC7 (at 4.490128 0 135) (layer B.SilkS)
      (effects (font (size 1 1) (thickness 0.15)) (justify mirror))
    )
    (fp_text value 1uF (at 0 0 225) (layer B.SilkS)
      (effects (font (size 1 1) (thickness 0.15)) (justify mirror))
    )
    (fp_line (start -3.3 1.6) (end 3.3 1.6) (layer B.CrtYd) (width 0.05))
    (fp_line (start -3.3 -1.6) (end 3.3 -1.6) (layer B.CrtYd) (width 0.05))
    (fp_line (start -3.3 1.6) (end -3.3 -1.6) (layer B.CrtYd) (width 0.05))
    (fp_line (start 3.3 1.6) (end 3.3 -1.6) (layer B.CrtYd) (width 0.05))
    (fp_line (start 1 1.475) (end -1 1.475) (layer B.SilkS) (width 0.15))
    (fp_line (start -1 -1.475) (end 1 -1.475) (layer B.SilkS) (width 0.15))
    (pad 1 smd rect (at -2 0 135) (size 2 2.5) (layers B.Cu B.Paste B.Mask)
      (net 8 /eS5))
    (pad 2 smd rect (at 2 0 135) (size 2 2.5) (layers B.Cu B.Paste B.Mask)
      (net 2 /eGND))
    (model ${KIPRJMOD}/3d_models/Cap_smd_1210.wrl
      (at (xyz 0 0 0))
      (scale (xyz 1 1 1))
      (rotate (xyz 0 0 0))
    )
  )

  (module velokey-footprints:R_1210_HandSoldering (layer B.Cu) (tedit 57CEF7BB) (tstamp 57CEF93A)
    (at 84.455 125.73 135)
    (descr "Resistor SMD 1210, hand soldering")
    (tags "resistor 1210")
    (path /57CDE2ED/57CEA91F)
    (attr smd)
    (fp_text reference eR3 (at -4.490128 0 135) (layer B.SilkS)
      (effects (font (size 1 1) (thickness 0.15)) (justify mirror))
    )
    (fp_text value 10k (at 0 0 225) (layer B.SilkS)
      (effects (font (size 1 1) (thickness 0.15)) (justify mirror))
    )
    (fp_line (start -3.3 1.6) (end 3.3 1.6) (layer B.CrtYd) (width 0.05))
    (fp_line (start -3.3 -1.6) (end 3.3 -1.6) (layer B.CrtYd) (width 0.05))
    (fp_line (start -3.3 1.6) (end -3.3 -1.6) (layer B.CrtYd) (width 0.05))
    (fp_line (start 3.3 1.6) (end 3.3 -1.6) (layer B.CrtYd) (width 0.05))
    (fp_line (start 1 -1.475) (end -1 -1.475) (layer B.SilkS) (width 0.15))
    (fp_line (start -1 1.475) (end 1 1.475) (layer B.SilkS) (width 0.15))
    (pad 1 smd rect (at -2 0 135) (size 2 2.5) (layers B.Cu B.Paste B.Mask)
      (net 9 /eVCC))
    (pad 2 smd rect (at 2 0 135) (size 2 2.5) (layers B.Cu B.Paste B.Mask)
      (net 3 /eECB))
    (model ${KIPRJMOD}/3d_models/Res_smd_1210.wrl
      (at (xyz 0 0 0))
      (scale (xyz 1 1 1))
      (rotate (xyz 0 0 0))
    )
  )

  (module velokey-footprints:R_1210_HandSoldering (layer B.Cu) (tedit 57CEF7B1) (tstamp 57CEF92F)
    (at 79.375 130.81 315)
    (descr "Resistor SMD 1210, hand soldering")
    (tags "resistor 1210")
    (path /57CDE2ED/57CEA926)
    (attr smd)
    (fp_text reference eR7 (at 4.490128 0 315) (layer B.SilkS)
      (effects (font (size 1 1) (thickness 0.15)) (justify mirror))
    )
    (fp_text value 10k (at 0 0 45) (layer B.SilkS)
      (effects (font (size 1 1) (thickness 0.15)) (justify mirror))
    )
    (fp_line (start -3.3 1.6) (end 3.3 1.6) (layer B.CrtYd) (width 0.05))
    (fp_line (start -3.3 -1.6) (end 3.3 -1.6) (layer B.CrtYd) (width 0.05))
    (fp_line (start -3.3 1.6) (end -3.3 -1.6) (layer B.CrtYd) (width 0.05))
    (fp_line (start 3.3 1.6) (end 3.3 -1.6) (layer B.CrtYd) (width 0.05))
    (fp_line (start 1 -1.475) (end -1 -1.475) (layer B.SilkS) (width 0.15))
    (fp_line (start -1 1.475) (end 1 1.475) (layer B.SilkS) (width 0.15))
    (pad 1 smd rect (at -2 0 315) (size 2 2.5) (layers B.Cu B.Paste B.Mask)
      (net 9 /eVCC))
    (pad 2 smd rect (at 2 0 315) (size 2 2.5) (layers B.Cu B.Paste B.Mask)
      (net 7 /eS4))
    (model ${KIPRJMOD}/3d_models/Res_smd_1210.wrl
      (at (xyz 0 0 0))
      (scale (xyz 1 1 1))
      (rotate (xyz 0 0 0))
    )
  )

  (module velokey-footprints:R_1210_HandSoldering (layer B.Cu) (tedit 57CEF7F4) (tstamp 57CEF924)
    (at 88.265 141.605 315)
    (descr "Resistor SMD 1210, hand soldering")
    (tags "resistor 1210")
    (path /57CDE2ED/57CEA92A)
    (attr smd)
    (fp_text reference eR8 (at -4.310523 0 315) (layer B.SilkS)
      (effects (font (size 1 1) (thickness 0.15)) (justify mirror))
    )
    (fp_text value 10k (at 0 0 45) (layer B.SilkS)
      (effects (font (size 1 1) (thickness 0.15)) (justify mirror))
    )
    (fp_line (start -3.3 1.6) (end 3.3 1.6) (layer B.CrtYd) (width 0.05))
    (fp_line (start -3.3 -1.6) (end 3.3 -1.6) (layer B.CrtYd) (width 0.05))
    (fp_line (start -3.3 1.6) (end -3.3 -1.6) (layer B.CrtYd) (width 0.05))
    (fp_line (start 3.3 1.6) (end 3.3 -1.6) (layer B.CrtYd) (width 0.05))
    (fp_line (start 1 -1.475) (end -1 -1.475) (layer B.SilkS) (width 0.15))
    (fp_line (start -1 1.475) (end 1 1.475) (layer B.SilkS) (width 0.15))
    (pad 1 smd rect (at -2 0 315) (size 2 2.5) (layers B.Cu B.Paste B.Mask)
      (net 9 /eVCC))
    (pad 2 smd rect (at 2 0 315) (size 2 2.5) (layers B.Cu B.Paste B.Mask)
      (net 8 /eS5))
    (model ${KIPRJMOD}/3d_models/Res_smd_1210.wrl
      (at (xyz 0 0 0))
      (scale (xyz 1 1 1))
      (rotate (xyz 0 0 0))
    )
  )

  (module velokey-footprints:C_1210_HandSoldering (layer B.Cu) (tedit 57CEF7B5) (tstamp 57CEF919)
    (at 81.915 128.27 135)
    (descr "Capacitor SMD 1210, hand soldering")
    (tags "capacitor 1210")
    (path /57CDE2ED/57CEA929)
    (attr smd)
    (fp_text reference eC6 (at -4.490128 0 135) (layer B.SilkS)
      (effects (font (size 1 1) (thickness 0.15)) (justify mirror))
    )
    (fp_text value 1uF (at 0 0 45) (layer B.SilkS)
      (effects (font (size 1 1) (thickness 0.15)) (justify mirror))
    )
    (fp_line (start -3.3 1.6) (end 3.3 1.6) (layer B.CrtYd) (width 0.05))
    (fp_line (start -3.3 -1.6) (end 3.3 -1.6) (layer B.CrtYd) (width 0.05))
    (fp_line (start -3.3 1.6) (end -3.3 -1.6) (layer B.CrtYd) (width 0.05))
    (fp_line (start 3.3 1.6) (end 3.3 -1.6) (layer B.CrtYd) (width 0.05))
    (fp_line (start 1 1.475) (end -1 1.475) (layer B.SilkS) (width 0.15))
    (fp_line (start -1 -1.475) (end 1 -1.475) (layer B.SilkS) (width 0.15))
    (pad 1 smd rect (at -2 0 135) (size 2 2.5) (layers B.Cu B.Paste B.Mask)
      (net 7 /eS4))
    (pad 2 smd rect (at 2 0 135) (size 2 2.5) (layers B.Cu B.Paste B.Mask)
      (net 2 /eGND))
    (model ${KIPRJMOD}/3d_models/Cap_smd_1210.wrl
      (at (xyz 0 0 0))
      (scale (xyz 1 1 1))
      (rotate (xyz 0 0 0))
    )
  )

  (module velokey-footprints:R_1210_HandSoldering (layer B.Cu) (tedit 57CEF7C5) (tstamp 57CEF872)
    (at 92.075 118.11 135)
    (descr "Resistor SMD 1210, hand soldering")
    (tags "resistor 1210")
    (path /57CDE2ED/57CEA925)
    (attr smd)
    (fp_text reference eR6 (at -4.310523 0 135) (layer B.SilkS)
      (effects (font (size 1 1) (thickness 0.15)) (justify mirror))
    )
    (fp_text value 10k (at 0 0 225) (layer B.SilkS)
      (effects (font (size 1 1) (thickness 0.15)) (justify mirror))
    )
    (fp_line (start -3.3 1.6) (end 3.3 1.6) (layer B.CrtYd) (width 0.05))
    (fp_line (start -3.3 -1.6) (end 3.3 -1.6) (layer B.CrtYd) (width 0.05))
    (fp_line (start -3.3 1.6) (end -3.3 -1.6) (layer B.CrtYd) (width 0.05))
    (fp_line (start 3.3 1.6) (end 3.3 -1.6) (layer B.CrtYd) (width 0.05))
    (fp_line (start 1 -1.475) (end -1 -1.475) (layer B.SilkS) (width 0.15))
    (fp_line (start -1 1.475) (end 1 1.475) (layer B.SilkS) (width 0.15))
    (pad 1 smd rect (at -2 0 135) (size 2 2.5) (layers B.Cu B.Paste B.Mask)
      (net 9 /eVCC))
    (pad 2 smd rect (at 2 0 135) (size 2 2.5) (layers B.Cu B.Paste B.Mask)
      (net 6 /eS3))
    (model ${KIPRJMOD}/3d_models/Res_smd_1210.wrl
      (at (xyz 0 0 0))
      (scale (xyz 1 1 1))
      (rotate (xyz 0 0 0))
    )
  )

  (module velokey-footprints:C_1210_HandSoldering (layer B.Cu) (tedit 57CEF7CB) (tstamp 57CEF867)
    (at 94.615 115.57 315)
    (descr "Capacitor SMD 1210, hand soldering")
    (tags "capacitor 1210")
    (path /57CDE2ED/57CEA928)
    (attr smd)
    (fp_text reference eC5 (at 4.310523 0 315) (layer B.SilkS)
      (effects (font (size 1 1) (thickness 0.15)) (justify mirror))
    )
    (fp_text value 1uF (at 0 0 45) (layer B.SilkS)
      (effects (font (size 1 1) (thickness 0.15)) (justify mirror))
    )
    (fp_line (start -3.3 1.6) (end 3.3 1.6) (layer B.CrtYd) (width 0.05))
    (fp_line (start -3.3 -1.6) (end 3.3 -1.6) (layer B.CrtYd) (width 0.05))
    (fp_line (start -3.3 1.6) (end -3.3 -1.6) (layer B.CrtYd) (width 0.05))
    (fp_line (start 3.3 1.6) (end 3.3 -1.6) (layer B.CrtYd) (width 0.05))
    (fp_line (start 1 1.475) (end -1 1.475) (layer B.SilkS) (width 0.15))
    (fp_line (start -1 -1.475) (end 1 -1.475) (layer B.SilkS) (width 0.15))
    (pad 1 smd rect (at -2 0 315) (size 2 2.5) (layers B.Cu B.Paste B.Mask)
      (net 6 /eS3))
    (pad 2 smd rect (at 2 0 315) (size 2 2.5) (layers B.Cu B.Paste B.Mask)
      (net 2 /eGND))
    (model ${KIPRJMOD}/3d_models/Cap_smd_1210.wrl
      (at (xyz 0 0 0))
      (scale (xyz 1 1 1))
      (rotate (xyz 0 0 0))
    )
  )

  (module velokey-footprints:C_1210_HandSoldering (layer B.Cu) (tedit 57CEF7C1) (tstamp 57CEF84F)
    (at 89.535 120.65 315)
    (descr "Capacitor SMD 1210, hand soldering")
    (tags "capacitor 1210")
    (path /57CDE2ED/57CEA922)
    (attr smd)
    (fp_text reference eC2 (at 4.400325 -0.089803 315) (layer B.SilkS)
      (effects (font (size 1 1) (thickness 0.15)) (justify mirror))
    )
    (fp_text value 1uF (at 0 0 45) (layer B.SilkS)
      (effects (font (size 1 1) (thickness 0.15)) (justify mirror))
    )
    (fp_line (start -3.3 1.6) (end 3.3 1.6) (layer B.CrtYd) (width 0.05))
    (fp_line (start -3.3 -1.6) (end 3.3 -1.6) (layer B.CrtYd) (width 0.05))
    (fp_line (start -3.3 1.6) (end -3.3 -1.6) (layer B.CrtYd) (width 0.05))
    (fp_line (start 3.3 1.6) (end 3.3 -1.6) (layer B.CrtYd) (width 0.05))
    (fp_line (start 1 1.475) (end -1 1.475) (layer B.SilkS) (width 0.15))
    (fp_line (start -1 -1.475) (end 1 -1.475) (layer B.SilkS) (width 0.15))
    (pad 1 smd rect (at -2 0 315) (size 2 2.5) (layers B.Cu B.Paste B.Mask)
      (net 3 /eECB))
    (pad 2 smd rect (at 2 0 315) (size 2 2.5) (layers B.Cu B.Paste B.Mask)
      (net 2 /eGND))
    (model ${KIPRJMOD}/3d_models/Cap_smd_1210.wrl
      (at (xyz 0 0 0))
      (scale (xyz 1 1 1))
      (rotate (xyz 0 0 0))
    )
  )

  (module Pin_Headers:Pin_Header_Straight_1x02 (layer F.Cu) (tedit 57CEF7A0) (tstamp 57CEF62F)
    (at 79.26604 123.081062 225)
    (descr "Through hole pin header")
    (tags "pin header")
    (path /57CDE2ED/57CEA92E)
    (fp_text reference eP3 (at 3.143074 -1.501116 225) (layer F.SilkS)
      (effects (font (size 1 1) (thickness 0.15)))
    )
    (fp_text value ENC_C_3 (at 0 -3.1 225) (layer F.Fab) hide
      (effects (font (size 1 1) (thickness 0.15)))
    )
    (fp_line (start 1.27 1.27) (end 1.27 3.81) (layer F.SilkS) (width 0.15))
    (fp_line (start 1.55 -1.55) (end 1.55 0) (layer F.SilkS) (width 0.15))
    (fp_line (start -1.75 -1.75) (end -1.75 4.3) (layer F.CrtYd) (width 0.05))
    (fp_line (start 1.75 -1.75) (end 1.75 4.3) (layer F.CrtYd) (width 0.05))
    (fp_line (start -1.75 -1.75) (end 1.75 -1.75) (layer F.CrtYd) (width 0.05))
    (fp_line (start -1.75 4.3) (end 1.75 4.3) (layer F.CrtYd) (width 0.05))
    (fp_line (start 1.27 1.27) (end -1.27 1.27) (layer F.SilkS) (width 0.15))
    (fp_line (start -1.55 0) (end -1.55 -1.55) (layer F.SilkS) (width 0.15))
    (fp_line (start -1.55 -1.55) (end 1.55 -1.55) (layer F.SilkS) (width 0.15))
    (fp_line (start -1.27 1.27) (end -1.27 3.81) (layer F.SilkS) (width 0.15))
    (fp_line (start -1.27 3.81) (end 1.27 3.81) (layer F.SilkS) (width 0.15))
    (pad 1 thru_hole rect (at 0 0 225) (size 2.032 2.032) (drill 1.016) (layers *.Cu *.Mask F.SilkS)
      (net 2 /eGND))
    (pad 2 thru_hole oval (at 0 2.54 225) (size 2.032 2.032) (drill 1.016) (layers *.Cu *.Mask F.SilkS)
      (net 7 /eS4))
    (model Pin_Headers.3dshapes/Pin_Header_Straight_1x02.wrl
      (at (xyz 0 -0.05 0))
      (scale (xyz 1 1 1))
      (rotate (xyz 0 0 90))
    )
  )

  (module velokey-footprints:TSWB3NCB222LFS (layer F.Cu) (tedit 57CEF793) (tstamp 57CEF5D5)
    (at 92.075 128.27 45)
    (path /57CDE2ED/56F82F4A)
    (fp_text reference eE1 (at -1.347038 -0.449013) (layer F.SilkS)
      (effects (font (size 1 1) (thickness 0.15)))
    )
    (fp_text value ENC_C (at 0.898026 -0.898026 180) (layer F.Fab)
      (effects (font (size 1 1) (thickness 0.15)))
    )
    (fp_line (start -10 8) (end -8 10) (layer F.SilkS) (width 0.5))
    (fp_line (start -8 10) (end -10 10) (layer F.SilkS) (width 0.5))
    (fp_line (start -10 10) (end -10 8) (layer F.SilkS) (width 0.5))
    (fp_line (start 8 10) (end 10 8) (layer F.SilkS) (width 0.5))
    (fp_line (start 10 8) (end 10 10) (layer F.SilkS) (width 0.5))
    (fp_line (start 10 10) (end 8 10) (layer F.SilkS) (width 0.5))
    (fp_line (start 8 -10) (end 10 -8) (layer F.SilkS) (width 0.5))
    (fp_line (start 10 -8) (end 10 -10) (layer F.SilkS) (width 0.5))
    (fp_line (start 10 -10) (end 8 -10) (layer F.SilkS) (width 0.5))
    (fp_line (start -10 -8) (end -10 -10) (layer F.SilkS) (width 0.5))
    (fp_line (start -10 -10) (end -8 -10) (layer F.SilkS) (width 0.5))
    (fp_line (start -10 -8) (end -8 -10) (layer F.SilkS) (width 0.5))
    (fp_line (start 6.5 0) (end 7.25 0.5) (layer F.SilkS) (width 0.15))
    (fp_line (start 7.25 -0.5) (end 6.5 0) (layer F.SilkS) (width 0.15))
    (fp_circle (center 7.5 0) (end 7.5 -0.5) (layer F.SilkS) (width 0.15))
    (fp_circle (center 0 0) (end 15.5 0) (layer F.SilkS) (width 0.1))
    (fp_circle (center 0 0) (end 11 0) (layer F.SilkS) (width 0.1))
    (fp_circle (center 0 0) (end 16 0) (layer F.SilkS) (width 0.4))
    (fp_circle (center 0 0) (end 17.25 0) (layer F.SilkS) (width 0.15))
    (fp_circle (center 0 0) (end 11.5 0) (layer F.SilkS) (width 0.4))
    (fp_circle (center 0 0) (end 4.25 0) (layer F.SilkS) (width 0.5))
    (fp_circle (center 7.047695 -2.565151) (end 6.876685 -3.034997) (layer F.SilkS) (width 0.15))
    (fp_circle (center 5.745333 -4.820907) (end 5.42394 -5.203929) (layer F.SilkS) (width 0.15))
    (fp_circle (center 3.75 -6.495191) (end 3.316987 -6.745191) (layer F.SilkS) (width 0.15))
    (fp_circle (center 1.302361 -7.386058) (end 0.809957 -7.472882) (layer F.SilkS) (width 0.15))
    (fp_circle (center -1.302361 -7.386058) (end -1.794765 -7.299234) (layer F.SilkS) (width 0.15))
    (fp_circle (center -3.75 -6.495191) (end -4.183013 -6.245191) (layer F.SilkS) (width 0.15))
    (fp_circle (center -5.745333 -4.820907) (end -6.066727 -4.437885) (layer F.SilkS) (width 0.15))
    (fp_circle (center -7.047695 -2.565151) (end -7.218705 -2.095305) (layer F.SilkS) (width 0.15))
    (fp_circle (center -7.5 0) (end -7.5 0.5) (layer F.SilkS) (width 0.15))
    (fp_circle (center -7.047695 2.565151) (end -6.876685 3.034997) (layer F.SilkS) (width 0.15))
    (fp_circle (center -5.745333 4.820907) (end -5.42394 5.203929) (layer F.SilkS) (width 0.15))
    (fp_circle (center -3.75 6.495191) (end -3.316987 6.745191) (layer F.SilkS) (width 0.15))
    (fp_circle (center -1.302361 7.386058) (end -0.809957 7.472882) (layer F.SilkS) (width 0.15))
    (fp_circle (center 1.302361 7.386058) (end 1.794765 7.299234) (layer F.SilkS) (width 0.15))
    (fp_circle (center 3.75 6.495191) (end 4.183013 6.245191) (layer F.SilkS) (width 0.15))
    (fp_circle (center 5.745333 4.820907) (end 6.066727 4.437885) (layer F.SilkS) (width 0.15))
    (fp_circle (center 7.047695 2.565151) (end 7.218705 2.095305) (layer F.SilkS) (width 0.15))
    (fp_line (start 6.108002 -2.223131) (end 6.983782 -2.0098) (layer F.SilkS) (width 0.15))
    (fp_line (start 4.979289 -4.178119) (end 5.875216 -4.277188) (layer F.SilkS) (width 0.15))
    (fp_line (start 3.25 -5.629165) (end 4.058013 -6.028684) (layer F.SilkS) (width 0.15))
    (fp_line (start 1.128713 -6.40125) (end 1.751353 -7.053032) (layer F.SilkS) (width 0.15))
    (fp_line (start -1.128713 -6.40125) (end -0.766545 -7.22668) (layer F.SilkS) (width 0.15))
    (fp_line (start -3.25 -5.629165) (end -3.191987 -6.528684) (layer F.SilkS) (width 0.15))
    (fp_line (start -4.979289 -4.178119) (end -5.232428 -5.043232) (layer F.SilkS) (width 0.15))
    (fp_line (start -6.108002 -2.223131) (end -6.641761 -2.949492) (layer F.SilkS) (width 0.15))
    (fp_line (start -6.5 0) (end -7.25 -0.5) (layer F.SilkS) (width 0.15))
    (fp_line (start -6.108002 2.223131) (end -6.983782 2.0098) (layer F.SilkS) (width 0.15))
    (fp_line (start -4.979289 4.178119) (end -5.875216 4.277188) (layer F.SilkS) (width 0.15))
    (fp_line (start -3.25 5.629165) (end -4.058013 6.028684) (layer F.SilkS) (width 0.15))
    (fp_line (start -1.128713 6.40125) (end -1.751353 7.053032) (layer F.SilkS) (width 0.15))
    (fp_line (start 1.128713 6.40125) (end 0.766545 7.22668) (layer F.SilkS) (width 0.15))
    (fp_line (start 3.25 5.629165) (end 3.191987 6.528684) (layer F.SilkS) (width 0.15))
    (fp_line (start 4.979289 4.178119) (end 5.232428 5.043232) (layer F.SilkS) (width 0.15))
    (fp_line (start 6.108002 2.223131) (end 6.641761 2.949492) (layer F.SilkS) (width 0.15))
    (fp_line (start 6.641761 -2.949492) (end 6.108002 -2.223131) (layer F.SilkS) (width 0.15))
    (fp_line (start 5.232428 -5.043232) (end 4.979289 -4.178119) (layer F.SilkS) (width 0.15))
    (fp_line (start 3.191987 -6.528684) (end 3.25 -5.629165) (layer F.SilkS) (width 0.15))
    (fp_line (start 0.766545 -7.22668) (end 1.128713 -6.40125) (layer F.SilkS) (width 0.15))
    (fp_line (start -1.751353 -7.053032) (end -1.128713 -6.40125) (layer F.SilkS) (width 0.15))
    (fp_line (start -4.058013 -6.028684) (end -3.25 -5.629165) (layer F.SilkS) (width 0.15))
    (fp_line (start -5.875216 -4.277188) (end -4.979289 -4.178119) (layer F.SilkS) (width 0.15))
    (fp_line (start -6.983782 -2.0098) (end -6.108002 -2.223131) (layer F.SilkS) (width 0.15))
    (fp_line (start -7.25 0.5) (end -6.5 0) (layer F.SilkS) (width 0.15))
    (fp_line (start -6.641761 2.949492) (end -6.108002 2.223131) (layer F.SilkS) (width 0.15))
    (fp_line (start -5.232428 5.043232) (end -4.979289 4.178119) (layer F.SilkS) (width 0.15))
    (fp_line (start -3.191987 6.528684) (end -3.25 5.629165) (layer F.SilkS) (width 0.15))
    (fp_line (start -0.766545 7.22668) (end -1.128713 6.40125) (layer F.SilkS) (width 0.15))
    (fp_line (start 1.751353 7.053032) (end 1.128713 6.40125) (layer F.SilkS) (width 0.15))
    (fp_line (start 4.058013 6.028684) (end 3.25 5.629165) (layer F.SilkS) (width 0.15))
    (fp_line (start 5.875216 4.277188) (end 4.979289 4.178119) (layer F.SilkS) (width 0.15))
    (fp_line (start 6.983782 2.0098) (end 6.108002 2.223131) (layer F.SilkS) (width 0.15))
    (pad 4 thru_hole circle (at 0 1.57 45) (size 2.4 2.4) (drill 1.4) (layers *.Cu *.Mask F.SilkS)
      (net 4 /eECS))
    (pad 12 thru_hole circle (at 0 -15 45) (size 5 5) (drill 4) (layers *.Cu *.Mask F.SilkS))
    (pad 2 thru_hole circle (at -9.26 0 45) (size 2.4 2.4) (drill 1.4) (layers *.Cu *.Mask F.SilkS)
      (net 2 /eGND))
    (pad 14 thru_hole circle (at 0 15 45) (size 5 5) (drill 4) (layers *.Cu *.Mask F.SilkS))
    (pad 1 thru_hole circle (at 9.26 0 45) (size 2.4 2.4) (drill 1.4) (layers *.Cu *.Mask F.SilkS)
      (net 1 /eECA))
    (pad 13 thru_hole circle (at -15 0 45) (size 5 5) (drill 4) (layers *.Cu *.Mask F.SilkS))
    (pad 15 thru_hole circle (at 15 0 45) (size 5 5) (drill 4) (layers *.Cu *.Mask F.SilkS))
    (pad 5 thru_hole circle (at -4.5 0 45) (size 2.6 2.6) (drill 1.6) (layers *.Cu *.Mask F.SilkS))
    (pad 6 thru_hole circle (at 4.5 0 45) (size 2.6 2.6) (drill 1.6) (layers *.Cu *.Mask F.SilkS))
    (pad 9 thru_hole circle (at -16.16 -5.2 45) (size 2.4 2.4) (drill 1.4) (layers *.Cu *.Mask F.SilkS)
      (net 7 /eS4))
    (pad 3 thru_hole circle (at 0 -9.26 45) (size 2.4 2.4) (drill 1.4) (layers *.Cu *.Mask F.SilkS)
      (net 3 /eECB))
    (pad 8 thru_hole circle (at 8.87 -13.97 45) (size 2.4 2.4) (drill 1.4) (layers *.Cu *.Mask F.SilkS)
      (net 6 /eS3))
    (pad 10 thru_hole circle (at -8.87 13.97 45) (size 2.4 2.4) (drill 1.4) (layers *.Cu *.Mask F.SilkS)
      (net 8 /eS5))
    (pad 11 thru_hole circle (at 9.07 13.67 45) (size 2.4 2.4) (drill 1.4) (layers *.Cu *.Mask F.SilkS)
      (net 2 /eGND))
    (pad 7 thru_hole circle (at 16.16 5.2 45) (size 2.4 2.4) (drill 1.4) (layers *.Cu *.Mask F.SilkS)
      (net 5 /eS2))
  )

  (module Pin_Headers:Pin_Header_Straight_1x02 (layer F.Cu) (tedit 57CEF819) (tstamp 57CEF5C5)
    (at 98.425 140.97 45)
    (descr "Through hole pin header")
    (tags "pin header")
    (path /57CDE2ED/57CEA92D)
    (fp_text reference eP2 (at -3.14309 -1.347038 45) (layer F.SilkS)
      (effects (font (size 1 1) (thickness 0.15)))
    )
    (fp_text value ENC_C_2 (at 0 -3.1 45) (layer F.Fab) hide
      (effects (font (size 1 1) (thickness 0.15)))
    )
    (fp_line (start 1.27 1.27) (end 1.27 3.81) (layer F.SilkS) (width 0.15))
    (fp_line (start 1.55 -1.55) (end 1.55 0) (layer F.SilkS) (width 0.15))
    (fp_line (start -1.75 -1.75) (end -1.75 4.3) (layer F.CrtYd) (width 0.05))
    (fp_line (start 1.75 -1.75) (end 1.75 4.3) (layer F.CrtYd) (width 0.05))
    (fp_line (start -1.75 -1.75) (end 1.75 -1.75) (layer F.CrtYd) (width 0.05))
    (fp_line (start -1.75 4.3) (end 1.75 4.3) (layer F.CrtYd) (width 0.05))
    (fp_line (start 1.27 1.27) (end -1.27 1.27) (layer F.SilkS) (width 0.15))
    (fp_line (start -1.55 0) (end -1.55 -1.55) (layer F.SilkS) (width 0.15))
    (fp_line (start -1.55 -1.55) (end 1.55 -1.55) (layer F.SilkS) (width 0.15))
    (fp_line (start -1.27 1.27) (end -1.27 3.81) (layer F.SilkS) (width 0.15))
    (fp_line (start -1.27 3.81) (end 1.27 3.81) (layer F.SilkS) (width 0.15))
    (pad 1 thru_hole rect (at 0 0 45) (size 2.032 2.032) (drill 1.016) (layers *.Cu *.Mask F.SilkS)
      (net 4 /eECS))
    (pad 2 thru_hole oval (at 0 2.54 45) (size 2.032 2.032) (drill 1.016) (layers *.Cu *.Mask F.SilkS)
      (net 8 /eS5))
    (model Pin_Headers.3dshapes/Pin_Header_Straight_1x02.wrl
      (at (xyz 0 -0.05 0))
      (scale (xyz 1 1 1))
      (rotate (xyz 0 0 90))
    )
  )

  (module Pin_Headers:Pin_Header_Straight_1x02 (layer F.Cu) (tedit 57CEF825) (tstamp 57CEF5B5)
    (at 86.36 115.57 225)
    (descr "Through hole pin header")
    (tags "pin header")
    (path /57CDE2ED/57CD7D13)
    (fp_text reference eP4 (at -3.14309 -1.347038 225) (layer F.SilkS)
      (effects (font (size 1 1) (thickness 0.15)))
    )
    (fp_text value ENC_C_4 (at 0 -3.1 225) (layer F.Fab) hide
      (effects (font (size 1 1) (thickness 0.15)))
    )
    (fp_line (start 1.27 1.27) (end 1.27 3.81) (layer F.SilkS) (width 0.15))
    (fp_line (start 1.55 -1.55) (end 1.55 0) (layer F.SilkS) (width 0.15))
    (fp_line (start -1.75 -1.75) (end -1.75 4.3) (layer F.CrtYd) (width 0.05))
    (fp_line (start 1.75 -1.75) (end 1.75 4.3) (layer F.CrtYd) (width 0.05))
    (fp_line (start -1.75 -1.75) (end 1.75 -1.75) (layer F.CrtYd) (width 0.05))
    (fp_line (start -1.75 4.3) (end 1.75 4.3) (layer F.CrtYd) (width 0.05))
    (fp_line (start 1.27 1.27) (end -1.27 1.27) (layer F.SilkS) (width 0.15))
    (fp_line (start -1.55 0) (end -1.55 -1.55) (layer F.SilkS) (width 0.15))
    (fp_line (start -1.55 -1.55) (end 1.55 -1.55) (layer F.SilkS) (width 0.15))
    (fp_line (start -1.27 1.27) (end -1.27 3.81) (layer F.SilkS) (width 0.15))
    (fp_line (start -1.27 3.81) (end 1.27 3.81) (layer F.SilkS) (width 0.15))
    (pad 1 thru_hole rect (at 0 0 225) (size 2.032 2.032) (drill 1.016) (layers *.Cu *.Mask F.SilkS)
      (net 3 /eECB))
    (pad 2 thru_hole oval (at 0 2.54 225) (size 2.032 2.032) (drill 1.016) (layers *.Cu *.Mask F.SilkS)
      (net 6 /eS3))
    (model Pin_Headers.3dshapes/Pin_Header_Straight_1x02.wrl
      (at (xyz 0 -0.05 0))
      (scale (xyz 1 1 1))
      (rotate (xyz 0 0 90))
    )
  )

  (module Pin_Headers:Pin_Header_Straight_1x02 (layer F.Cu) (tedit 57CEF81E) (tstamp 57CEF5A5)
    (at 104.883949 134.728949 45)
    (descr "Through hole pin header")
    (tags "pin header")
    (path /57CDE2ED/57CEA92C)
    (fp_text reference eP1 (at 2.921975 -2.178026 45) (layer F.SilkS)
      (effects (font (size 1 1) (thickness 0.15)))
    )
    (fp_text value ENC_C_1 (at 0 -3.1 45) (layer F.Fab) hide
      (effects (font (size 1 1) (thickness 0.15)))
    )
    (fp_line (start 1.27 1.27) (end 1.27 3.81) (layer F.SilkS) (width 0.15))
    (fp_line (start 1.55 -1.55) (end 1.55 0) (layer F.SilkS) (width 0.15))
    (fp_line (start -1.75 -1.75) (end -1.75 4.3) (layer F.CrtYd) (width 0.05))
    (fp_line (start 1.75 -1.75) (end 1.75 4.3) (layer F.CrtYd) (width 0.05))
    (fp_line (start -1.75 -1.75) (end 1.75 -1.75) (layer F.CrtYd) (width 0.05))
    (fp_line (start -1.75 4.3) (end 1.75 4.3) (layer F.CrtYd) (width 0.05))
    (fp_line (start 1.27 1.27) (end -1.27 1.27) (layer F.SilkS) (width 0.15))
    (fp_line (start -1.55 0) (end -1.55 -1.55) (layer F.SilkS) (width 0.15))
    (fp_line (start -1.55 -1.55) (end 1.55 -1.55) (layer F.SilkS) (width 0.15))
    (fp_line (start -1.27 1.27) (end -1.27 3.81) (layer F.SilkS) (width 0.15))
    (fp_line (start -1.27 3.81) (end 1.27 3.81) (layer F.SilkS) (width 0.15))
    (pad 1 thru_hole rect (at 0 0 45) (size 2.032 2.032) (drill 1.016) (layers *.Cu *.Mask F.SilkS)
      (net 1 /eECA))
    (pad 2 thru_hole oval (at 0 2.54 45) (size 2.032 2.032) (drill 1.016) (layers *.Cu *.Mask F.SilkS)
      (net 5 /eS2))
    (model Pin_Headers.3dshapes/Pin_Header_Straight_1x02.wrl
      (at (xyz 0 -0.05 0))
      (scale (xyz 1 1 1))
      (rotate (xyz 0 0 90))
    )
  )

  (module Pin_Headers:Pin_Header_Straight_1x02 (layer F.Cu) (tedit 57CEFA69) (tstamp 57CEF57B)
    (at 97.263949 113.03 45)
    (descr "Through hole pin header")
    (tags "pin header")
    (path /57CDE2ED/57CF0C59)
    (fp_text reference eP13 (at -2.771115 4.413089 45) (layer F.SilkS)
      (effects (font (size 1 1) (thickness 0.15)))
    )
    (fp_text value ENC_C_5 (at 0 -3.1 45) (layer F.Fab) hide
      (effects (font (size 1 1) (thickness 0.15)))
    )
    (fp_line (start 1.27 1.27) (end 1.27 3.81) (layer F.SilkS) (width 0.15))
    (fp_line (start 1.55 -1.55) (end 1.55 0) (layer F.SilkS) (width 0.15))
    (fp_line (start -1.75 -1.75) (end -1.75 4.3) (layer F.CrtYd) (width 0.05))
    (fp_line (start 1.75 -1.75) (end 1.75 4.3) (layer F.CrtYd) (width 0.05))
    (fp_line (start -1.75 -1.75) (end 1.75 -1.75) (layer F.CrtYd) (width 0.05))
    (fp_line (start -1.75 4.3) (end 1.75 4.3) (layer F.CrtYd) (width 0.05))
    (fp_line (start 1.27 1.27) (end -1.27 1.27) (layer F.SilkS) (width 0.15))
    (fp_line (start -1.55 0) (end -1.55 -1.55) (layer F.SilkS) (width 0.15))
    (fp_line (start -1.55 -1.55) (end 1.55 -1.55) (layer F.SilkS) (width 0.15))
    (fp_line (start -1.27 1.27) (end -1.27 3.81) (layer F.SilkS) (width 0.15))
    (fp_line (start -1.27 3.81) (end 1.27 3.81) (layer F.SilkS) (width 0.15))
    (pad 1 thru_hole rect (at 0 0 45) (size 2.032 2.032) (drill 1.016) (layers *.Cu *.Mask F.SilkS)
      (net 9 /eVCC))
    (pad 2 thru_hole oval (at 0 2.54 45) (size 2.032 2.032) (drill 1.016) (layers *.Cu *.Mask F.SilkS)
      (net 9 /eVCC))
    (model Pin_Headers.3dshapes/Pin_Header_Straight_1x02.wrl
      (at (xyz 0 -0.05 0))
      (scale (xyz 1 1 1))
      (rotate (xyz 0 0 90))
    )
  )

  (gr_circle (center 92.075 128.27) (end 111.125 128.905) (layer Edge.Cuts) (width 0.2032) (tstamp 57CEF506))

  (segment (start 98.622809 121.722191) (end 98.622809 128.467809) (width 0.508) (layer F.Cu) (net 1) (tstamp 57CEF415) (status 10))
  (segment (start 98.622809 128.467809) (end 104.883949 134.728949) (width 0.508) (layer F.Cu) (net 1) (tstamp 57CEF40C) (status 20))
  (segment (start 98.622809 121.722191) (end 98.622809 126.562809) (width 0.508) (layer B.Cu) (net 1) (tstamp 57CEF9B2) (status 10))
  (segment (start 99.550786 127.490786) (end 97.010786 130.030786) (width 0.508) (layer B.Cu) (net 1) (tstamp 57CEF9AC) (status 30))
  (segment (start 98.622809 126.562809) (end 99.550786 127.490786) (width 0.508) (layer B.Cu) (net 1) (tstamp 57CEF9AA) (status 20))
  (segment (start 108.154608 131.522691) (end 103.582691 131.522691) (width 0.762) (layer B.Cu) (net 2) (status 10))
  (segment (start 103.582691 131.522691) (end 102.379214 130.319214) (width 0.762) (layer B.Cu) (net 2) (tstamp 57D90936) (status 20))
  (segment (start 97.299214 135.399214) (end 95.885 133.985) (width 0.762) (layer B.Cu) (net 2) (status 10))
  (segment (start 102.379214 130.319214) (end 100.965 128.905) (width 0.762) (layer B.Cu) (net 2) (status 10))
  (segment (start 91.44 138.43) (end 95.885 133.985) (width 0.762) (layer B.Cu) (net 2))
  (segment (start 91.44 138.43) (end 90.17 138.43) (width 0.762) (layer B.Cu) (net 2) (tstamp 57D90906))
  (segment (start 90.17 138.43) (end 89.390786 137.650786) (width 0.762) (layer B.Cu) (net 2) (tstamp 57D90908) (status 20))
  (segment (start 95.885 133.985) (end 100.965 128.905) (width 0.762) (layer B.Cu) (net 2) (tstamp 57D9092A))
  (segment (start 100.965 128.905) (end 105.537 124.333) (width 0.762) (layer B.Cu) (net 2) (tstamp 57D90922))
